137438842377
137438946702
       31431
137438851436
137438908905
       59619
       71424
      132232
137438925919
137438403334
     1558127
      973340
137437927956
     2517257
     1756490
137437086704
      716309
      889332
137435918604
137438162698
      978771
137436570844
137438627634
     2566912
137438320458
      113623
     3140983
137438639769
137437708263
     1805042
137437860164
137436135790
      900157
137438489394
137436532731
     1664596
     1512981
137437682234
     1967965
     2233279
137437267227
      326992
     1303990
137436191097
137437689083
     1199002
137436888338
137437996587
     2601330
137438765250
137438559162
     3095125
      293946
137437380207
     1640270
137438491673
137435896981
      515210
       57021
137436369360
     1116452
     1960954
137437719376
     1418280
     2667496
137437550635
137438763454
     1624522
137436593054
137437126605
     1275963
137437313125
137437426096
     2479293
      321839
137438144373
     2895228
      925914
137437178331
     1343515
      156186
137435809141
       29036
      522761
137436362198
      497833
     2309989
137437902706
      835453
     2971526
137437965692
137438261367
     1800755
137437105309
137436625988
     1202577
137437811785
137436951575
     2205341
      858534
137437850838
     2556536
     1540849
137437120918
      939989
      720924
137435879913
137438428310
      897856
137436507771
137438801131
     2531887
137438217257
      260529
     3126303
137438486827
137437813778
     1824483
137437694732
137436222867
      982213
137438346110
137436602065
     1794368
     1381157
137437697920
     2103935
     2098795
137437216125
      462325
     1196297
137436106022
137437844545
     1153715
137436791988
137438160563
     2607326
137438638757
137438686956
     3122818
      127823
137437456400
     1697920
137438322784
137435946494
      628978
137438875275
137436397809
     1271048
     1849807
137437694882
     1569712
     2563350
137437461432
137438901589
     1552470
137436473841
137437272175
     1269979
137437191119
137437570226
     2527098
      181528
137438244126
     2962953
      757265
137437218632
     1434322
137438948446
137435817220
      166837
      405990
137436348809
      667552
     2228273
137437840168
      991839
     2904455
137437843382
137438391541
     1768520
137436959640
137436751324
     1236812
137437673706
137437066984
     2292566
      715048
137437916026
     2659247
     1380766
137437121450
     1056391
      577716
137435845498
137438580566
      808454
137436454638
       21776
     2486399
137438121824
      410780
     3100242
137438339214
137437925713
     1833108
137437532130
137436319104
     1054718
137438202376
137436681723
     1916155
     1245424
137437724210
     2234086
     1957723
137437175727
      594876
     1080106
137436031134
137438000856
     1098399
137436703777
137438328236
     2602291
137438517528
137438820662
     3139301
137438917678
137437541100
     1745811
137438153793
137436006488
      735044
137438736941
137436437268
     1419940
     1732237
137437680836
     1718136
     2450456
137437381792
       86525
     1470580
137436363053
137437421430
     1253378
137437075027
137437720674
     2563882
       43845
137438352219
     3020383
      588190
137437269020
     1516936
137438784142
137435836493
      299095
      283478
137436346565
      834309
     2138005
137437787389
     1147948
     2826913
137437729257
137438524926
     1725459
137436820182
137436883028
     1260412
137437538793
137437190790
     2369725
      571341
137437990939
     2753198
     1217366
137437132860
     1166744
      428643
137435822354
137438730141
      710993
137436411705
      195875
     2430773
137438034457
      563721
     3063089
137438197448
137438043474
     1830945
137437372979
137436423827
     1117402
137438059085
137436771513
     2029388
     1106552
137437761162
     2357794
     1810629
137437146217
      724129
      955893
137435966686
137438157145
     1033472
137436624327
137438498637
     2586136
137438402336
        6287
     3144479
137438757308
137437633884
     1783577
137437985404
137436076728
      832738
137438596057
137436487799
     1562429
     1608802
137437677673
     1862677
     2329146
137437312452
      224508
     1378835
137436261242
137437573605
     1226207
137436965666
137437876565
     2589390
137438863153
137438467930
     3067100
      419533
137437329129
     1590881
137438617500
137435866975
      425231
      155645
137436355362
      997300
     2039670
137437744708
     1303118
     2739440
137437623787
137438660607
     1671705
137436687594
137437020428
     1273380
137437408000
137437322516
     2436385
      428249
137438075261
     2837958
     1051461
137437154896
     1270503
      274619
137435810531
137438875958
      605966
137436379376
      369101
     2365282
137437955722
      718557
     3014830
137438062264
137438166346
     1817813
137437218150
137436536627
